<?xml version="1.0"?>
<opencv_storage>
<CornersAmount>48</CornersAmount>
<Corner_0>
  242 355</Corner_0>
<Corner_1>
  257 355</Corner_1>
<Corner_2>
  271 355</Corner_2>
<Corner_3>
  287 356</Corner_3>
<Corner_4>
  301 356</Corner_4>
<Corner_5>
  316 357</Corner_5>
<Corner_6>
  332 357</Corner_6>
<Corner_7>
  347 357</Corner_7>
<Corner_8>
  240 362</Corner_8>
<Corner_9>
  256 363</Corner_9>
<Corner_10>
  270 363</Corner_10>
<Corner_11>
  286 364</Corner_11>
<Corner_12>
  301 364</Corner_12>
<Corner_13>
  316 365</Corner_13>
<Corner_14>
  333 365</Corner_14>
<Corner_15>
  348 366</Corner_15>
<Corner_16>
  238 370</Corner_16>
<Corner_17>
  254 370</Corner_17>
<Corner_18>
  269 371</Corner_18>
<Corner_19>
  285 371</Corner_19>
<Corner_20>
  301 372</Corner_20>
<Corner_21>
  316 372</Corner_21>
<Corner_22>
  333 373</Corner_22>
<Corner_23>
  349 373</Corner_23>
<Corner_24>
  235 382</Corner_24>
<Corner_25>
  252 382</Corner_25>
<Corner_26>
  267 382</Corner_26>
<Corner_27>
  284 382</Corner_27>
<Corner_28>
  300 383</Corner_28>
<Corner_29>
  316 383</Corner_29>
<Corner_30>
  334 383</Corner_30>
<Corner_31>
  350 383</Corner_31>
<Corner_32>
  233 391</Corner_32>
<Corner_33>
  250 391</Corner_33>
<Corner_34>
  266 391</Corner_34>
<Corner_35>
  283 391</Corner_35>
<Corner_36>
  300 391</Corner_36>
<Corner_37>
  316 391</Corner_37>
<Corner_38>
  334 391</Corner_38>
<Corner_39>
  350 391</Corner_39>
<Corner_40>
  231 400</Corner_40>
<Corner_41>
  248 401</Corner_41>
<Corner_42>
  264 402</Corner_42>
<Corner_43>
  282 402</Corner_43>
<Corner_44>
  300 402</Corner_44>
<Corner_45>
  316 402</Corner_45>
<Corner_46>
  335 403</Corner_46>
<Corner_47>
  352 402</Corner_47>
</opencv_storage>
