%YAML:1.0
---
pos199:
   - [ 5.22479668e+01, 1.29715222e+03, 5.21137161e+01, 1.29692468e+03,
       5.17380333e+01, 1.29726953e+03, 5.27017555e+01, 1.29650122e+03,
       5.36052856e+01, 1.29602515e+03, 5.34735527e+01, 1.29671313e+03,
       5.31776657e+01, 1.29641626e+03, 5.24388390e+01, 1.29534424e+03,
       5.33029976e+01, 1.29596460e+03, 5.30763054e+01, 1.29592590e+03,
       5.26235352e+01, 1.29546765e+03, -2.72917194e+01, -1.62456055e+02,
       -2.74242134e+01, -1.62074356e+02, 5.37456360e+01, 1.29593018e+03,
       -2.78039455e+01, -1.62770203e+02, 5.25643845e+01, 1.29455078e+03,
       5.24643173e+01, 1.29411328e+03, -2.80965672e+01, -1.62937729e+02,
       5.22943726e+01, 1.29396167e+03, 5.19494591e+01, 1.29412134e+03,
       5.25248985e+01, 1.29462195e+03, 5.24278984e+01, 1.29446008e+03,
       5.13446350e+01, 1.29360950e+03, 5.14610977e+01, 1.29450220e+03,
       5.08346252e+01, 1.29439661e+03, 4.96805458e+01, 1.29434924e+03,
       5.12723808e+01, 1.29394397e+03, 5.08972435e+01, 1.29416541e+03,
       5.07782669e+01, 1.29382141e+03, 5.27094955e+01, 1.29402112e+03,
       5.12811432e+01, 1.29478796e+03, 5.28376884e+01, 1.29344434e+03,
       -2.49342690e+01, -1.59806000e+02, 5.18324280e+01, 1.29346729e+03,
       5.11203346e+01, 1.29395215e+03, 5.07803917e+01, 1.29393250e+03,
       5.11734276e+01, 1.29431873e+03, 5.05816231e+01, 1.29503503e+03,
       5.11396217e+01, 1.29654333e+03, 4.81720428e+01, 1.29734595e+03,
       4.84977760e+01, 1.29729016e+03, 4.80756378e+01, 1.29664038e+03,
       4.84154587e+01, 1.29709180e+03, 4.85323639e+01, 1.29552563e+03,
       4.84050636e+01, 1.29713806e+03, 4.87242393e+01, 1.29923999e+03,
       5.03014030e+01, 1.29754187e+03, 4.77171478e+01, 1.29904541e+03,
       4.95389862e+01, 1.29963342e+03, 4.76446495e+01, 1.30092029e+03,
       4.90056152e+01, 1.30223120e+03, 4.82260857e+01, 1.30124341e+03,
       4.86523590e+01, 1.30174243e+03, 4.75693932e+01, 1.30158948e+03,
       4.44318962e+01, 1.30133337e+03, 4.43146095e+01, 1.30201440e+03,
       4.22934875e+01, 1.30370459e+03, 4.42143669e+01, 1.30560449e+03,
       4.33266411e+01, 1.30880969e+03, 4.13959961e+01, 1.31339221e+03,
       3.99333496e+01, 1.31415454e+03, 3.65296173e+01, 1.31466895e+03,
       3.35520592e+01, 1.32120886e+03, 3.74872780e+01, 1.32491089e+03,
       3.39074593e+01, 1.32574573e+03, 3.17720985e+01, 1.33275244e+03,
       3.45237007e+01, 1.33520349e+03, 3.05992832e+01, 1.33444971e+03,
       3.65313110e+01, 1.33960278e+03, 3.80300446e+01, 1.34403650e+03,
       4.14785881e+01, 1.34612769e+03, 4.93676224e+01, 1.34890161e+03,
       5.53683853e+01, 1.34953687e+03, 6.03606720e+01, 1.35135803e+03,
       6.26297646e+01, 1.35148059e+03, 7.61707382e+01, 1.35127588e+03,
       7.21062469e+01, 1.35130872e+03, 7.92629242e+01, 1.35305237e+03,
       8.27332458e+01, 1.35530090e+03, 8.03660431e+01, 1.35454114e+03,
       7.81088867e+01, 1.36098132e+03, 6.60975494e+01, 1.36670618e+03,
       5.90519562e+01, 1.37171814e+03, 5.45540047e+01, 1.37375452e+03,
       4.09071541e+01, 1.37698047e+03, 3.52757797e+01, 1.38013501e+03,
       1.98392506e+01, 1.38550146e+03, 1.68044338e+01, 1.38783215e+03,
       7.02144575e+00, 1.38898816e+03, -3.88385201e+00, 1.39430286e+03,
       -1.40083818e+01, 1.39754565e+03, -2.73303852e+01, 1.40202991e+03,
       -3.04913502e+01, 1.40298962e+03, -3.21040535e+01, 1.40468420e+03,
       -4.16651344e+01, 1.40729260e+03, -5.48188400e+01, 1.41129712e+03,
       -6.24692802e+01, 1.41357874e+03, -7.13999100e+01, 1.41384631e+03,
       -9.15648727e+01, 1.41347119e+03, -1.02890724e+02, 1.41318640e+03,
       -1.26550896e+02, 1.42002197e+03, -1.83019180e+02, 1.43727100e+03,
       -2.40555237e+02, 1.45484204e+03, -2.89317047e+02, 1.47301807e+03,
       -3.30489868e+02, 1.48713379e+03, -3.72473114e+02, 1.50559009e+03,
       -3.96309174e+02, 1.51496521e+03, -4.14218658e+02, 1.52291528e+03,
       -1.65524765e+02, 1.39871289e+03, -1.62158264e+02, 1.39706445e+03,
       -1.59159103e+02, 1.39415149e+03, -1.50192627e+02, 1.39260193e+03,
       -1.41616898e+02, 1.39085535e+03, -7.33386169e+02, 5.93982788e+02,
       -7.56096008e+02, 6.00539124e+02, -7.71651611e+02, 6.07661804e+02,
       -1.24742249e+02, 1.38018665e+03, -1.25288246e+02, 1.37829797e+03,
       -1.23129478e+02, 1.37752319e+03, -1.20648651e+02, 1.37262708e+03,
       -1.14398529e+02, 1.37064819e+03, -1.09892387e+02, 1.36901416e+03,
       -1.07615875e+02, 1.36456165e+03, -1.02712158e+02, 1.36224744e+03,
       -9.60263443e+01, 1.35694092e+03, -9.28563919e+01, 1.35349426e+03,
       -8.57510834e+01, 1.35007129e+03, -1.48794580e+03, 1.73797961e+03,
       -1.52733899e+03, 1.71405127e+03, -6.74752121e+01, 1.33946973e+03,
       -5.93117676e+01, 1.33420349e+03, -1.03657068e+03, 6.89363770e+02,
       -1.04737280e+03, 6.85876465e+02, -3.96570854e+01, 1.31941504e+03,
       -3.43216362e+01, 1.31539453e+03, -3.06432266e+01, 1.31602893e+03,
       -2.52820377e+01, 1.31246460e+03, -2.31501541e+01, 1.30857617e+03,
       -1.84302788e+01, 1.30484460e+03, -1.31115456e+01, 1.29971033e+03,
       -1.14171265e+03, 6.71908813e+02, -8.87912083e+00, 1.29124548e+03,
       -1.16000004e+01, 1.28451428e+03, -1.08229914e+01, 1.27695178e+03,
       -1.36685915e+01, 1.26763220e+03, -1.23905798e+03, 6.93612915e+02,
       -1.25179517e+03, 6.82873962e+02, -1.26761694e+03, 6.71671692e+02,
       -1.29526111e+03, 6.91749329e+02, -1.30417847e+03, 6.71469116e+02,
       -1.33007507e+03, 6.88532288e+02, -1.34159473e+03, 6.74284485e+02,
       -1.37583606e+03, 6.98133911e+02, -1.89098669e+03, 1.44823462e+03,
       -1.43329614e+03, 7.18693909e+02, -1.45220776e+03, 7.12777832e+02,
       -1.48893689e+03, 7.30816162e+02, -1.39355615e+03, 5.55699524e+02,
       -1.41618250e+03, 5.46479309e+02, -1.43542542e+03, 5.41749268e+02,
       -1.44827917e+03, 5.38882019e+02, -2.11071387e+03, 1.46904968e+03,
       -1.48562317e+03, 5.34934814e+02, -2.17234961e+03, 1.46666309e+03,
       -1.65375720e+03, 7.04148926e+02, -1.67266724e+03, 6.96434998e+02,
       -4.06467628e+01, 1.13586047e+03, -5.10255241e+01, 1.11869971e+03,
       -5.74403267e+01, 1.10043970e+03, -1.78546851e+03, 7.33011353e+02,
       -1.80061841e+03, 7.29191833e+02, -1.79843042e+03, 7.04263794e+02,
       -1.80923499e+03, 6.96450562e+02, -1.80561072e+03, 6.80875793e+02,
       -8.45086899e+01, 1.02183740e+03, -1.70408374e+03, 5.48143799e+02,
       -1.82375513e+03, 6.61075562e+02, -1.84119849e+03, 6.71881104e+02,
       -1.83339050e+03, 6.41424988e+02, -1.82720276e+03, 6.20943726e+02,
       -1.83965649e+03, 6.29284729e+02, -1.83511816e+03, 6.10942627e+02,
       -1.85380518e+03, 6.18402161e+02, -1.85834546e+03, 6.09313171e+02,
       -1.86717078e+03, 6.14757446e+02, -1.87027124e+03, 6.08434021e+02,
       -1.88305457e+03, 6.06785339e+02, -1.89310291e+03, 6.11057434e+02,
       -1.89694861e+03, 6.05920959e+02, -1.91067163e+03, 6.12505310e+02,
       -1.91518579e+03, 6.11574158e+02, -1.92282690e+03, 6.11499329e+02,
       -1.93011658e+03, 6.14266174e+02, -1.94056116e+03, 6.12895874e+02,
       4.47931580e+02, 1.59983752e+03, 4.35922028e+02, 1.61157056e+03,
       4.16797455e+02, 1.62378162e+03, -1.96785120e+03, 6.17672668e+02,
       -1.97168250e+03, 6.18057678e+02 ]
   - [ 6.73879089e+01, 5.42264893e+02, 6.75372772e+01, 5.42382202e+02,
       6.77404327e+01, 5.42535461e+02, 6.85055923e+01, 5.42362854e+02,
       6.93390427e+01, 5.42115234e+02, 6.83830948e+01, 5.42626404e+02,
       6.92556763e+01, 5.42999573e+02, 6.88517838e+01, 5.42385010e+02,
       6.86680908e+01, 5.43002136e+02, 6.82513199e+01, 5.42632507e+02,
       6.83248672e+01, 5.42797913e+02, 6.88071289e+01, 5.42791443e+02,
       6.91383896e+01, 5.42904724e+02, 6.89777832e+01, 5.42855469e+02,
       6.91682892e+01, 5.43314941e+02, 6.91837540e+01, 5.43618225e+02,
       6.93165512e+01, 5.44469910e+02, 6.97500000e+01, 5.44236511e+02,
       7.07439117e+01, 5.44658264e+02, 7.02791214e+01, 5.44705139e+02,
       6.83790894e+01, 5.43646423e+02, 6.88321228e+01, 5.44437378e+02,
