<?xml version="1.0"?>
<opencv_storage>
<CornersAmount>48</CornersAmount>
<Corner_0>
  233 350</Corner_0>
<Corner_1>
  242 346</Corner_1>
<Corner_2>
  251 343</Corner_2>
<Corner_3>
  261 341</Corner_3>
<Corner_4>
  270 338</Corner_4>
<Corner_5>
  280 336</Corner_5>
<Corner_6>
  289 332</Corner_6>
<Corner_7>
  296 330</Corner_7>
<Corner_8>
  240 353</Corner_8>
<Corner_9>
  251 350</Corner_9>
<Corner_10>
  261 347</Corner_10>
<Corner_11>
  270 344</Corner_11>
<Corner_12>
  280 341</Corner_12>
<Corner_13>
  288 338</Corner_13>
<Corner_14>
  299 335</Corner_14>
<Corner_15>
  306 333</Corner_15>
<Corner_16>
  249 355</Corner_16>
<Corner_17>
  258 352</Corner_17>
<Corner_18>
  269 349</Corner_18>
<Corner_19>
  278 346</Corner_19>
<Corner_20>
  288 343</Corner_20>
<Corner_21>
  296 341</Corner_21>
<Corner_22>
  306 337</Corner_22>
<Corner_23>
  314 335</Corner_23>
<Corner_24>
  258 360</Corner_24>
<Corner_25>
  269 356</Corner_25>
<Corner_26>
  280 353</Corner_26>
<Corner_27>
  289 350</Corner_27>
<Corner_28>
  300 346</Corner_28>
<Corner_29>
  307 344</Corner_29>
<Corner_30>
  317 341</Corner_30>
<Corner_31>
  325 338</Corner_31>
<Corner_32>
  266 363</Corner_32>
<Corner_33>
  277 359</Corner_33>
<Corner_34>
  288 355</Corner_34>
<Corner_35>
  297 352</Corner_35>
<Corner_36>
  307 349</Corner_36>
<Corner_37>
  315 346</Corner_37>
<Corner_38>
  324 343</Corner_38>
<Corner_39>
  332 340</Corner_39>
<Corner_40>
  277 367</Corner_40>
<Corner_41>
  286 363</Corner_41>
<Corner_42>
  298 359</Corner_42>
<Corner_43>
  307 355</Corner_43>
<Corner_44>
  316 351</Corner_44>
<Corner_45>
  325 349</Corner_45>
<Corner_46>
  334 346</Corner_46>
<Corner_47>
  342 342</Corner_47>
</opencv_storage>
