<?xml version="1.0"?>
<opencv_storage>
<CameraMatrix type_id="opencv-matrix">
  <rows>3</rows>
  <cols>3</cols>
  <dt>d</dt>
  <data>
    4.9111041516032236e+02 0. 3.2150000000000000e+02 0.
    4.9401816038570132e+02 2.4250000000000000e+02 0. 0. 1.</data></CameraMatrix>
<DistortionCoeffs type_id="opencv-matrix">
  <rows>5</rows>
  <cols>1</cols>
  <dt>d</dt>
  <data>
    -3.9122116750472624e-01 2.7499733694235312e-01 0. 0.
    -1.3110733370198380e-01</data></DistortionCoeffs>
</opencv_storage>
