<?xml version="1.0"?>
<opencv_storage>
<CornersAmount>48</CornersAmount>
<Corner_0>
  357 302</Corner_0>
<Corner_1>
  367 305</Corner_1>
<Corner_2>
  376 307</Corner_2>
<Corner_3>
  386 309</Corner_3>
<Corner_4>
  396 312</Corner_4>
<Corner_5>
  406 315</Corner_5>
<Corner_6>
  417 318</Corner_6>
<Corner_7>
  428 321</Corner_7>
<Corner_8>
  349 304</Corner_8>
<Corner_9>
  361 307</Corner_9>
<Corner_10>
  369 310</Corner_10>
<Corner_11>
  378 312</Corner_11>
<Corner_12>
  389 315</Corner_12>
<Corner_13>
  399 318</Corner_13>
<Corner_14>
  411 321</Corner_14>
<Corner_15>
  421 324</Corner_15>
<Corner_16>
  340 307</Corner_16>
<Corner_17>
  352 310</Corner_17>
<Corner_18>
  361 313</Corner_18>
<Corner_19>
  371 315</Corner_19>
<Corner_20>
  381 318</Corner_20>
<Corner_21>
  392 321</Corner_21>
<Corner_22>
  403 325</Corner_22>
<Corner_23>
  412 327</Corner_23>
<Corner_24>
  332 311</Corner_24>
<Corner_25>
  342 314</Corner_25>
<Corner_26>
  351 317</Corner_26>
<Corner_27>
  361 319</Corner_27>
<Corner_28>
  371 322</Corner_28>
<Corner_29>
  382 326</Corner_29>
<Corner_30>
  394 329</Corner_30>
<Corner_31>
  404 332</Corner_31>
<Corner_32>
  323 313</Corner_32>
<Corner_33>
  334 317</Corner_33>
<Corner_34>
  343 319</Corner_34>
<Corner_35>
  353 323</Corner_35>
<Corner_36>
  362 326</Corner_36>
<Corner_37>
  374 329</Corner_37>
<Corner_38>
  385 333</Corner_38>
<Corner_39>
  395 336</Corner_39>
<Corner_40>
  314 317</Corner_40>
<Corner_41>
  324 320</Corner_41>
<Corner_42>
  334 323</Corner_42>
<Corner_43>
  343 327</Corner_43>
<Corner_44>
  354 329</Corner_44>
<Corner_45>
  364 334</Corner_45>
<Corner_46>
  377 337</Corner_46>
<Corner_47>
  387 340</Corner_47>
</opencv_storage>
