<?xml version="1.0"?>
<opencv_storage>
<CameraMatrix type_id="opencv-matrix">
  <rows>3</rows>
  <cols>3</cols>
  <dt>d</dt>
  <data>
    4.9197679083341893e+02 0. 3.2150000000000000e+02 0.
    4.9340065383373957e+02 2.4250000000000000e+02 0. 0. 1.</data></CameraMatrix>
<DistortionCoeffs type_id="opencv-matrix">
  <rows>5</rows>
  <cols>1</cols>
  <dt>d</dt>
  <data>
    -3.5185678856135022e-01 1.4613827229052181e-01 0. 0.
    -2.4037196758399607e-02</data></DistortionCoeffs>
</opencv_storage>
