<?xml version="1.0"?>
<opencv_storage>
<CornersAmount>48</CornersAmount>
<Corner_0>
  398 410</Corner_0>
<Corner_1>
  397 398</Corner_1>
<Corner_2>
  396 388</Corner_2>
<Corner_3>
  395 376</Corner_3>
<Corner_4>
  394 367</Corner_4>
<Corner_5>
  393 359</Corner_5>
<Corner_6>
  392 350</Corner_6>
<Corner_7>
  392 341</Corner_7>
<Corner_8>
  416 410</Corner_8>
<Corner_9>
  414 397</Corner_9>
<Corner_10>
  413 387</Corner_10>
<Corner_11>
  411 376</Corner_11>
<Corner_12>
  410 367</Corner_12>
<Corner_13>
  409 359</Corner_13>
<Corner_14>
  407 350</Corner_14>
<Corner_15>
  406 341</Corner_15>
<Corner_16>
  437 408</Corner_16>
<Corner_17>
  434 397</Corner_17>
<Corner_18>
  432 386</Corner_18>
<Corner_19>
  430 376</Corner_19>
<Corner_20>
  428 367</Corner_20>
<Corner_21>
  426 359</Corner_21>
<Corner_22>
  424 350</Corner_22>
<Corner_23>
  422 341</Corner_23>
<Corner_24>
  453 407</Corner_24>
<Corner_25>
  450 396</Corner_25>
<Corner_26>
  448 386</Corner_26>
<Corner_27>
  445 375</Corner_27>
<Corner_28>
  443 366</Corner_28>
<Corner_29>
  441 358</Corner_29>
<Corner_30>
  439 350</Corner_30>
<Corner_31>
  437 341</Corner_31>
<Corner_32>
  471 408</Corner_32>
<Corner_33>
  467 396</Corner_33>
<Corner_34>
  464 385</Corner_34>
<Corner_35>
  462 375</Corner_35>
<Corner_36>
  459 366</Corner_36>
<Corner_37>
  457 358</Corner_37>
<Corner_38>
  455 350</Corner_38>
<Corner_39>
  452 341</Corner_39>
<Corner_40>
  487 406</Corner_40>
<Corner_41>
  484 395</Corner_41>
<Corner_42>
  480 384</Corner_42>
<Corner_43>
  477 375</Corner_43>
<Corner_44>
  475 366</Corner_44>
<Corner_45>
  473 358</Corner_45>
<Corner_46>
  470 350</Corner_46>
<Corner_47>
  466 340</Corner_47>
</opencv_storage>
