<?xml version="1.0"?>
<opencv_storage>
<CornersAmount>48</CornersAmount>
<Corner_0>
  191 457</Corner_0>
<Corner_1>
  191 447</Corner_1>
<Corner_2>
  191 440</Corner_2>
<Corner_3>
  192 431</Corner_3>
<Corner_4>
  192 423</Corner_4>
<Corner_5>
  192 417</Corner_5>
<Corner_6>
  192 409</Corner_6>
<Corner_7>
  192 404</Corner_7>
<Corner_8>
  212 455</Corner_8>
<Corner_9>
  211 446</Corner_9>
<Corner_10>
  211 438</Corner_10>
<Corner_11>
  210 430</Corner_11>
<Corner_12>
  209 422</Corner_12>
<Corner_13>
  209 415</Corner_13>
<Corner_14>
  208 408</Corner_14>
<Corner_15>
  208 402</Corner_15>
<Corner_16>
  233 454</Corner_16>
<Corner_17>
  232 444</Corner_17>
<Corner_18>
  230 437</Corner_18>
<Corner_19>
  229 428</Corner_19>
<Corner_20>
  228 421</Corner_20>
<Corner_21>
  227 414</Corner_21>
<Corner_22>
  226 407</Corner_22>
<Corner_23>
  225 401</Corner_23>
<Corner_24>
  252 453</Corner_24>
<Corner_25>
  250 443</Corner_25>
<Corner_26>
  248 435</Corner_26>
<Corner_27>
  246 427</Corner_27>
<Corner_28>
  244 419</Corner_28>
<Corner_29>
  243 412</Corner_29>
<Corner_30>
  241 407</Corner_30>
<Corner_31>
  240 400</Corner_31>
<Corner_32>
  273 451</Corner_32>
<Corner_33>
  270 441</Corner_33>
<Corner_34>
  268 434</Corner_34>
<Corner_35>
  265 425</Corner_35>
<Corner_36>
  263 418</Corner_36>
<Corner_37>
  261 411</Corner_37>
<Corner_38>
  259 406</Corner_38>
<Corner_39>
  257 399</Corner_39>
<Corner_40>
  293 448</Corner_40>
<Corner_41>
  290 440</Corner_41>
<Corner_42>
  287 432</Corner_42>
<Corner_43>
  283 424</Corner_43>
<Corner_44>
  281 417</Corner_44>
<Corner_45>
  278 409</Corner_45>
<Corner_46>
  275 405</Corner_46>
<Corner_47>
  272 397</Corner_47>
</opencv_storage>
