<?xml version="1.0"?>
<opencv_storage>
<CameraMatrix type_id="opencv-matrix">
  <rows>3</rows>
  <cols>3</cols>
  <dt>d</dt>
  <data>
    4.8506870326066490e+02 0. 3.2150000000000000e+02 0.
    4.8358076662836623e+02 2.4250000000000000e+02 0. 0. 1.</data></CameraMatrix>
<DistortionCoeffs type_id="opencv-matrix">
  <rows>5</rows>
  <cols>1</cols>
  <dt>d</dt>
  <data>
    -3.6954846859935492e-01 2.1096585603052306e-01 0. 0.
    -8.2897417495381362e-02</data></DistortionCoeffs>
</opencv_storage>
