<?xml version="1.0"?>
<opencv_storage>
<CornersAmount>48</CornersAmount>
<Corner_0>
  316 305</Corner_0>
<Corner_1>
  325 310</Corner_1>
<Corner_2>
  334 314</Corner_2>
<Corner_3>
  343 318</Corner_3>
<Corner_4>
  352 324</Corner_4>
<Corner_5>
  363 329</Corner_5>
<Corner_6>
  374 334</Corner_6>
<Corner_7>
  384 340</Corner_7>
<Corner_8>
  305 309</Corner_8>
<Corner_9>
  315 314</Corner_9>
<Corner_10>
  323 319</Corner_10>
<Corner_11>
  331 324</Corner_11>
<Corner_12>
  341 329</Corner_12>
<Corner_13>
  351 335</Corner_13>
<Corner_14>
  361 341</Corner_14>
<Corner_15>
  373 347</Corner_15>
<Corner_16>
  294 314</Corner_16>
<Corner_17>
  303 319</Corner_17>
<Corner_18>
  311 324</Corner_18>
<Corner_19>
  321 329</Corner_19>
<Corner_20>
  330 334</Corner_20>
<Corner_21>
  340 340</Corner_21>
<Corner_22>
  351 346</Corner_22>
<Corner_23>
  363 353</Corner_23>
<Corner_24>
  283 318</Corner_24>
<Corner_25>
  293 324</Corner_25>
<Corner_26>
  301 328</Corner_26>
<Corner_27>
  311 334</Corner_27>
<Corner_28>
  320 339</Corner_28>
<Corner_29>
  330 345</Corner_29>
<Corner_30>
  340 351</Corner_30>
<Corner_31>
  352 358</Corner_31>
<Corner_32>
  272 324</Corner_32>
<Corner_33>
  280 329</Corner_33>
<Corner_34>
  289 334</Corner_34>
<Corner_35>
  299 340</Corner_35>
<Corner_36>
  307 345</Corner_36>
<Corner_37>
  318 351</Corner_37>
<Corner_38>
  328 358</Corner_38>
<Corner_39>
  339 364</Corner_39>
<Corner_40>
  260 327</Corner_40>
<Corner_41>
  268 334</Corner_41>
<Corner_42>
  277 339</Corner_42>
<Corner_43>
  286 346</Corner_43>
<Corner_44>
  295 351</Corner_44>
<Corner_45>
  306 357</Corner_45>
<Corner_46>
  316 364</Corner_46>
<Corner_47>
  327 372</Corner_47>
</opencv_storage>
