<?xml version="1.0"?>
<opencv_storage>
<CornersAmount>48</CornersAmount>
<Corner_0>
  297 416</Corner_0>
<Corner_1>
  311 416</Corner_1>
<Corner_2>
  326 416</Corner_2>
<Corner_3>
  341 417</Corner_3>
<Corner_4>
  355 417</Corner_4>
<Corner_5>
  371 416</Corner_5>
<Corner_6>
  385 416</Corner_6>
<Corner_7>
  400 416</Corner_7>
<Corner_8>
  295 420</Corner_8>
<Corner_9>
  310 420</Corner_9>
<Corner_10>
  326 420</Corner_10>
<Corner_11>
  341 420</Corner_11>
<Corner_12>
  355 421</Corner_12>
<Corner_13>
  371 421</Corner_13>
<Corner_14>
  386 421</Corner_14>
<Corner_15>
  402 421</Corner_15>
<Corner_16>
  294 426</Corner_16>
<Corner_17>
  309 426</Corner_17>
<Corner_18>
  325 426</Corner_18>
<Corner_19>
  341 426</Corner_19>
<Corner_20>
  356 427</Corner_20>
<Corner_21>
  372 427</Corner_21>
<Corner_22>
  387 427</Corner_22>
<Corner_23>
  403 427</Corner_23>
<Corner_24>
  292 431</Corner_24>
<Corner_25>
  308 431</Corner_25>
<Corner_26>
  324 431</Corner_26>
<Corner_27>
  341 431</Corner_27>
<Corner_28>
  356 431</Corner_28>
<Corner_29>
  372 431</Corner_29>
<Corner_30>
  388 431</Corner_30>
<Corner_31>
  405 431</Corner_31>
<Corner_32>
  291 439</Corner_32>
<Corner_33>
  306 439</Corner_33>
<Corner_34>
  324 439</Corner_34>
<Corner_35>
  340 439</Corner_35>
<Corner_36>
  356 439</Corner_36>
<Corner_37>
  373 439</Corner_37>
<Corner_38>
  390 439</Corner_38>
<Corner_39>
  407 439</Corner_39>
<Corner_40>
  290 445</Corner_40>
<Corner_41>
  305 446</Corner_41>
<Corner_42>
  323 446</Corner_42>
<Corner_43>
  340 446</Corner_43>
<Corner_44>
  357 447</Corner_44>
<Corner_45>
  374 446</Corner_45>
<Corner_46>
  391 446</Corner_46>
<Corner_47>
  408 445</Corner_47>
</opencv_storage>
