<?xml version="1.0"?>
<opencv_storage>
<CameraMatrix type_id="opencv-matrix">
  <rows>3</rows>
  <cols>3</cols>
  <dt>d</dt>
  <data>
    4.8334474072153813e+02 0. 3.2150000000000000e+02 0.
    4.8522753783367244e+02 2.4250000000000000e+02 0. 0. 1.</data></CameraMatrix>
<DistortionCoeffs type_id="opencv-matrix">
  <rows>5</rows>
  <cols>1</cols>
  <dt>d</dt>
  <data>
    -3.7396714429134376e-01 2.2204480337190982e-01 0. 0.
    -8.8322135202559118e-02</data></DistortionCoeffs>
</opencv_storage>
