<?xml version="1.0"?>
<opencv_storage>
<CornersAmount>48</CornersAmount>
<Corner_0>
  252 362</Corner_0>
<Corner_1>
  261 356</Corner_1>
<Corner_2>
  271 350</Corner_2>
<Corner_3>
  280 346</Corner_3>
<Corner_4>
  288 340</Corner_4>
<Corner_5>
  298 335</Corner_5>
<Corner_6>
  306 330</Corner_6>
<Corner_7>
  313 325</Corner_7>
<Corner_8>
  263 368</Corner_8>
<Corner_9>
  274 361</Corner_9>
<Corner_10>
  283 355</Corner_10>
<Corner_11>
  291 350</Corner_11>
<Corner_12>
  299 344</Corner_12>
<Corner_13>
  308 339</Corner_13>
<Corner_14>
  316 333</Corner_14>
<Corner_15>
  324 328</Corner_15>
<Corner_16>
  273 372</Corner_16>
<Corner_17>
  283 365</Corner_17>
<Corner_18>
  293 359</Corner_18>
<Corner_19>
  301 353</Corner_19>
<Corner_20>
  309 348</Corner_20>
<Corner_21>
  318 342</Corner_21>
<Corner_22>
  326 336</Corner_22>
<Corner_23>
  334 331</Corner_23>
<Corner_24>
  286 376</Corner_24>
<Corner_25>
  295 370</Corner_25>
<Corner_26>
  305 363</Corner_26>
<Corner_27>
  314 357</Corner_27>
<Corner_28>
  321 352</Corner_28>
<Corner_29>
  330 346</Corner_29>
<Corner_30>
  338 340</Corner_30>
<Corner_31>
  346 335</Corner_31>
<Corner_32>
  297 383</Corner_32>
<Corner_33>
  308 375</Corner_33>
<Corner_34>
  317 368</Corner_34>
<Corner_35>
  326 361</Corner_35>
<Corner_36>
  333 356</Corner_36>
<Corner_37>
  341 350</Corner_37>
<Corner_38>
  350 344</Corner_38>
<Corner_39>
  356 339</Corner_39>
<Corner_40>
  310 387</Corner_40>
<Corner_41>
  318 379</Corner_41>
<Corner_42>
  328 372</Corner_42>
<Corner_43>
  337 365</Corner_43>
<Corner_44>
  344 360</Corner_44>
<Corner_45>
  352 354</Corner_45>
<Corner_46>
  360 347</Corner_46>
<Corner_47>
  367 342</Corner_47>
</opencv_storage>
